1.900000000000000000e+04
1.899949361481347296e+04
1.899898800903988376e+04
1.899848318147505779e+04
1.899797913091664668e+04
1.899747585616413926e+04
1.899697335601883970e+04
1.899647162928386751e+04
1.899597067476416123e+04
1.899547049126644197e+04
1.899497107759923892e+04
1.899447243257286391e+04
1.899397455499941498e+04
1.899347744369275460e+04
1.899298109746852788e+04
1.899248551514413339e+04
1.899199069553872687e+04
1.899149663747322120e+04
1.899100333977026821e+04
1.899051080125425869e+04
1.899001902075131875e+04
1.898952799708929888e+04
1.898903772909777763e+04
1.898854821560804339e+04
1.898805945545309078e+04
1.898757144746762788e+04
1.898708419048805808e+04
1.898659768335247281e+04
1.898611192490065514e+04
1.898562691397406525e+04
1.898514264941584406e+04
1.898465913007080235e+04
1.898417635478540615e+04
1.898369432240779133e+04
1.898321303178773815e+04
1.898273248177667847e+04
1.898225267122768128e+04
1.898177359899545263e+04
1.898129526393632841e+04
1.898081766490826703e+04
1.898034080077084218e+04
1.897986467038524279e+04
1.897938927261425852e+04
1.897891460632228700e+04
1.897844067037530476e+04
1.897796746364088904e+04
1.897749498498818866e+04
1.897702323328793500e+04
1.897655220741242010e+04
1.897608190623550399e+04
1.897561232863260011e+04
1.897514347348066804e+04
1.897467533965821349e+04
1.897420792604527742e+04
1.897374123152343236e+04
1.897327525497576789e+04
1.897280999528689426e+04
1.897234545134293148e+04
1.897188162203149477e+04
1.897141850624170183e+04
1.897095610286415467e+04
1.897049441079093958e+04
1.897003342891561260e+04
1.896957315613319952e+04
1.896911359134018130e+04
1.896865473343449048e+04
1.896819658131550750e+04
1.896773913388404617e+04
1.896728239004235365e+04
1.896682634869408503e+04
1.896637100874432508e+04
1.896591636909954832e+04
1.896546242866763350e+04
1.896500918635784546e+04
1.896455664108083147e+04
1.896410479174860302e+04
1.896365363727454314e+04
1.896320317657338092e+04
1.896275340856119874e+04
1.896230433215540688e+04
1.896185594627474347e+04
1.896140824983927087e+04
1.896096124177035745e+04
1.896051492099066309e+04
1.896006928642415005e+04
1.895962433699604662e+04
1.895918007163286165e+04
1.895873648926235546e+04
1.895829358881354347e+04
1.895785136921667799e+04
1.895740982940324102e+04
1.895696896830592959e+04
1.895652878485864858e+04
1.895608927799650337e+04
1.895565044665578171e+04
1.895521228977393548e+04
1.895477480628959893e+04
1.895433799514253406e+04
1.895390185527365975e+04
1.895346638562500812e+04
1.895303158513973540e+04
1.895259745276209651e+04
1.895216398743742684e+04
1.895173118811214954e+04
1.895129905373375004e+04
1.895086758325075061e+04
1.895043677561272852e+04
1.895000662977026877e+04
1.894957714467497135e+04
1.894914831927943305e+04
1.894872015253722202e+04
1.894829264340288137e+04
1.894786579083190009e+04
1.894743959378069849e+04
1.894701405120662821e+04
1.894658916206792856e+04
1.894616492532374468e+04
1.894574133993408032e+04
1.894531840485979774e+04
1.894489611906260325e+04
1.894447448150502169e+04
1.894405349115037825e+04
1.894363314696278758e+04
1.894321344790713556e+04
1.894279439294905023e+04
1.894237598105490179e+04
1.894195821119176253e+04
1.894154108232740327e+04
1.894112459343027149e+04
1.894070874346945857e+04
1.894029353141469619e+04
1.893987895623632721e+04
1.893946501690528385e+04
1.893905171239307310e+04
1.893863904167174042e+04
1.893822700371386600e+04
1.893781559749252847e+04
1.893740482198128302e+04
1.893699467615415051e+04
1.893658515898557380e+04
1.893617626945040683e+04
1.893576800652389284e+04
1.893536036918162426e+04
1.893495335639952827e+04
1.893454696715383398e+04
1.893414120042106151e+04
1.893373605517796750e+04
1.893333153040153775e+04
1.893292762506896179e+04
1.893252433815758195e+04
1.893212166864488609e+04
1.893171961550846754e+04
1.893131817772599970e+04
1.893091735427519234e+04
1.893051714413378431e+04
1.893011754627948176e+04
1.892971855968995078e+04
1.892932018334276290e+04
1.892892241621538415e+04
1.892852525728511318e+04
1.892812870552907407e+04
1.892773275992415074e+04
1.892733741944697613e+04
1.892694268307388484e+04
1.892654854978086951e+04
1.892615501854354807e+04
1.892576208833712008e+04
1.892536975813633035e+04
1.892497802691542893e+04
1.892458689364812381e+04
1.892419635730753362e+04
1.892380641686616582e+04
1.892341707129584393e+04
1.892302831956767841e+04
1.892264016065201577e+04
1.892225259351839850e+04
1.892186561713550691e+04
1.892147923047111180e+04
1.892109343249203084e+04
1.892070822216407396e+04
1.892032359845198516e+04
1.891993956031940252e+04
1.891955610672879629e+04
1.891917323664140713e+04
1.891879094901720237e+04
1.891840924281481421e+04
1.891802811699148151e+04
1.891764757050298431e+04
1.891726760230359287e+04
1.891688821134599493e+04
1.891650939658124844e+04
1.891613115695869783e+04
1.891575349142591949e+04
1.891537639892865627e+04
1.891499987841074471e+04
1.891462392881404230e+04
1.891424854907836561e+04
1.891387373814141392e+04
1.891349949493868553e+04
1.891312581840341591e+04
1.891275270746650131e+04
1.891238016105640781e+04
1.891200817809910222e+04
1.891163675751796109e+04
1.891126589823369795e+04
1.891089559916427243e+04
1.891052585922480648e+04
1.891015667732749716e+04
1.890978805238151108e+04
1.890941998329292255e+04
1.890905246896458993e+04
1.890868550829607557e+04
1.890831910018355848e+04
1.890795324351969975e+04
1.890758793719358437e+04
1.890722318009058290e+04
1.890685897109227153e+04
1.890649530907630106e+04
1.890613219291630958e+04
1.890576962148179518e+04
1.890540759363800680e+04
1.890504610824582778e+04
1.890468516416165949e+04
1.890432476023729396e+04
1.890396489531979387e+04
1.890360556825136882e+04
1.890324677786924440e+04
1.890288852300552389e+04
1.890253080248706829e+04
1.890217361513535070e+04
1.890181695976631454e+04
1.890146083519024251e+04
1.890110524021159654e+04
1.890075017362888320e+04
1.890039563423449727e+04
1.890004162081456525e+04
1.889968813214879265e+04
1.889933516701030021e+04
1.889898272416546388e+04
1.889863080237374015e+04
1.889827940038751331e+04
1.889792851695190257e+04
1.889757815080458749e+04
1.889722830067564792e+04
1.889687896528735291e+04
1.889653014335398257e+04
1.889618183358164606e+04
1.889583403466807067e+04
1.889548674530241260e+04
1.889513996416504597e+04
1.889479368992736272e+04
1.889444792125155436e+04
1.889410265679039367e+04
1.889375789518702368e+04
1.889341363507472488e+04
1.889306987507668600e+04
1.889272661380576756e+04
1.889238384986426900e+04
1.889204158184368498e+04
1.889169980832444708e+04
1.889135852787568001e+04
1.889101773905493246e+04
1.889067744040791877e+04
1.889033763046825698e+04
1.888999830775717783e+04
1.888965947078324825e+04
1.888932111804209853e+04
1.888898324801610579e+04
1.888864585917412114e+04
1.888830894997114956e+04
1.888797251884804064e+04
1.888763656423117936e+04
1.888730108453214780e+04
1.888696607814741947e+04
1.888663154345799921e+04
1.888629747882909214e+04
1.888596388260975436e+04
1.888563075313252921e+04
1.888529808871308342e+04
1.888496588764983971e+04
1.888463414822359482e+04
1.888430286869713382e+04
1.888397204731482998e+04
1.888364168230224823e+04
1.888331177186572313e+04
1.888298231419196236e+04
1.888265330744758467e+04
1.888232474977871243e+04
1.888199663931051327e+04
1.888166897414673804e+04
1.888134175236928058e+04
1.888101497203767212e+04
1.888068863118862646e+04
1.888036272783553068e+04
1.888003725996794674e+04
1.887971222555110216e+04
1.887938762252535525e+04
1.887906344880567485e+04
1.887873970228109101e+04
1.887841638081412748e+04
1.887809348224025234e+04
1.887777100436728142e+04
1.887744894497480709e+04
1.887712730181357256e+04
1.887680607260487886e+04
1.887648525503994460e+04
1.887616484677926201e+04
1.887584484545195664e+04
1.887552524865511805e+04
1.887520605395310849e+04
1.887488725887687906e+04
1.887456886092326386e+04
1.887425085755424152e+04
1.887393324619622581e+04
1.887361602423928343e+04
1.887329918903639191e+04
1.887298273790263556e+04
1.887266666811442337e+04
1.887235097690866678e+04
1.887203566148194659e+04
1.887172071898966897e+04
1.887140614654519959e+04
1.887109194121896871e+04
1.887077810003759078e+04
1.887046461998292580e+04
1.887015149799115534e+04
1.886983873095181116e+04
1.886952631570681478e+04
1.886921424904946252e+04
1.886890252772342865e+04
1.886859114842171402e+04
1.886828010778558746e+04
1.886796940240350887e+04
1.886765902881004149e+04
1.886734898348469505e+04
1.886703926285081616e+04
1.886672986327438048e+04
1.886642078106283589e+04
1.886611201246385463e+04
1.886580355366410367e+04
1.886549540078797145e+04
1.886518754989628360e+04
1.886487999698496787e+04
1.886457273798371170e+04
1.886426576875459796e+04
1.886395908509069341e+04
1.886365268271461173e+04
1.886334655727706559e+04
1.886304070435537506e+04
1.886273511945193604e+04
1.886242979799268505e+04
1.886212473532551303e+04
1.886181992671863918e+04
1.886151536735898480e+04
1.886121105235046707e+04
1.886090697671231828e+04
1.886060313537729962e+04
1.886029952318994401e+04
1.885999613490472257e+04
1.885969296518419651e+04
1.885939000859710723e+04
1.885908725961645177e+04
1.885878471261751474e+04
1.885848236187584189e+04
1.885818020156519560e+04
1.885787822575546306e+04
1.885757642841050983e+04
1.885727480338599707e+04
1.885697334442716601e+04
1.885667204516656420e+04
1.885637089912172814e+04
1.885606989969281130e+04
1.885576904016019398e+04
1.885546831368199491e+04
1.885516771329159747e+04
1.885486723189505210e+04
1.885456686226848979e+04
1.885426659705544444e+04
1.885396642876414262e+04
1.885366634976472415e+04
1.885336635228640807e+04
1.885306642841461144e+04
1.885276657008800612e+04
1.885246676909550661e+04
1.885216701707321045e+04
1.885186730550126231e+04
1.885156762570066712e+04
1.885126796883003772e+04
1.885096832588227335e+04
1.885066868768116547e+04
1.885036904487794527e+04
1.885006938794774760e+04
1.884976970718603843e+04
1.884946999270491506e+04
1.884917023442937352e+04
1.884887042209349966e+04
1.884857054523655461e+04
1.884827059319900218e+04
1.884797055511847066e+04
1.884767041992559098e+04
1.884737017633978758e+04
1.884706981286498558e+04
1.884676931778518338e+04
1.884646867916001429e+04
1.884616788482013726e+04
1.884586692236260205e+04
1.884556577914607260e+04
1.884526444228599212e+04
1.884496289864961000e+04
1.884466113485095775e+04
1.884435913724567581e+04
1.884405689192576392e+04
1.884375438471424059e+04
1.884345160115964245e+04
1.884314852653046546e+04
1.884284514580947507e+04
1.884254144368789639e+04
1.884223740455949519e+04
1.884193301251454250e+04
1.884162825133364822e+04
1.884132310448147473e+04
1.884101755510033763e+04
1.884071158600366471e+04
1.884040517966931293e+04
1.884009831823278364e+04
1.883979098348027401e+04
1.883948315684160843e+04
1.883917481938300625e+04
1.883886595179972210e+04
1.883855653440854439e+04
1.883824654714012649e+04
1.883793596953117230e+04
1.883762478071647638e+04
1.883731295942078214e+04
1.883700048395050180e+04
1.883668733218525085e+04
1.883637348156923690e+04
1.883605890910244852e+04
1.883574359133170219e+04
1.883542750434147092e+04
1.883511062374457106e+04
1.883479292467263440e+04
1.883447438176641299e+04
1.883415496916586562e+04
1.883383466050006973e+04
1.883351342887693318e+04
1.883319124687268413e+04
1.883286808652116451e+04
1.883254391930290876e+04
1.883221871613402254e+04
1.883189244735480679e+04
1.883156508271818893e+04
1.883123659137790673e+04
1.883090694187647023e+04
1.883057610213288353e+04
1.883024403943011203e+04
1.882991072040232393e+04
1.882957611102185911e+04
1.882924017658596858e+04
1.882890288170325221e+04
1.882856419027987795e+04
1.882822406550549567e+04
1.882788246983887802e+04
1.882753936499330302e+04
1.882719471192162382e+04
1.882684847080105828e+04
1.882650060101769122e+04
1.882615106115063827e+04
1.882579980895594417e+04
1.882544680135014278e+04
1.882509199439350050e+04
1.882473534327292509e+04
1.882437680228456156e+04
1.882401632481603519e+04
1.882365386332835624e+04
1.882328936933745717e+04
1.882292279339540255e+04
1.882255408507120592e+04
1.882218319293129389e+04
1.882181006451958820e+04
1.882143464633718759e+04
1.882105688382168955e+04
1.882067672132608641e+04
1.882029410209726848e+04
1.881990896825410891e+04
1.881952126076512650e+04
1.881913091942573737e+04
1.881873788283504109e+04
1.881834208837219921e+04
1.881794347217232280e+04
1.881754196910193423e+04
1.881713751273394882e+04
1.881673003532217263e+04
1.881631946777533449e+04
1.881590573963061252e+04
1.881548877902665845e+04
1.881506851267612365e+04
1.881464486583765756e+04
1.881421776228737508e+04
1.881378712428981089e+04
1.881335287256829179e+04
1.881291492627478874e+04
1.881247320295918689e+04
1.881202761853798074e+04
1.881157808726239091e+04
1.881112452168589516e+04
1.881066683263114828e+04
1.881020492915627619e+04
1.880973871852058801e+04
1.880926810614960777e+04
1.880879299559948777e+04
1.880831328852077422e+04
1.880782888462149276e+04
1.880733968162957171e+04
1.880684557525456330e+04
1.880634645914869543e+04
1.880584222486719955e+04
1.880533276182790723e+04
1.880481795727015196e+04
1.880429769621291052e+04
1.880377186141218408e+04
1.880324033331763349e+04
1.880270299002844695e+04
1.880215970724839281e+04
1.880161035824010469e+04
1.880105481377854085e+04
1.880049294210363951e+04
1.879992460887211564e+04
1.879934967710845376e+04
1.879876800715500940e+04
1.879817945662125931e+04
1.879758388033217125e+04
1.879698113027568979e+04
1.879637105554930895e+04
1.879575350230573895e+04
1.879512831369763444e+04
1.879449532982140954e+04
1.879385438766007792e+04
1.879320532102514335e+04
1.879254796049752258e+04
1.879188213336746776e+04
1.879120766357351749e+04
1.879052437164041476e+04
1.878983207461602433e+04
1.878913058600720615e+04
1.878841971571467366e+04
1.878769926996676440e+04
1.878696905125218109e+04
1.878622885825163394e+04
1.878547848576842807e+04
1.878471772465792674e+04
1.878394636175593405e+04
1.878316417980595725e+04
1.878237095738534845e+04
1.878156646883031135e+04
1.878075048415976562e+04
1.877992276899808712e+04
1.877908308449666220e+04
1.877823118725429231e+04
1.877736682923642002e+04
1.877648975769320896e+04
1.877559971507639420e+04
1.877469643895497211e+04
1.877377966192970416e+04
1.877284911154639849e+04
1.877190451020800538e+04
1.877094557508551225e+04
1.876997201802761992e+04
1.876898354546921109e+04
1.876797985833862913e+04
1.876696065196371637e+04
1.876592561597668100e+04
1.876487443421772332e+04
1.876380678463747608e+04
1.876272233919826249e+04
1.876162076377411358e+04
1.876050171804965066e+04
1.875936485541775619e+04
1.875820982287608058e+04
1.875703626092238119e+04
1.875584380344873716e+04
1.875463207763458558e+04
1.875340070383867351e+04
1.875214929548988221e+04
1.875087745897696732e+04
1.874958479353724033e+04
1.874827089114417686e+04
1.874693533639403176e+04
1.874557770639142473e+04
1.874419757063397992e+04
1.874279449089599802e+04
1.874136802111124780e+04
1.873991770725484093e+04
1.873844308722429923e+04
1.873694369071980691e+04
1.873541903912370253e+04
1.873386864537925794e+04
1.873229201386878412e+04
1.873068864029112956e+04
1.872905801153859647e+04
1.872739960557336235e+04
1.872571289130344667e+04
1.872399732845829931e+04
1.872225236746405790e+04
1.872047744931856141e+04
1.871867200546620370e+04
1.871683545767265605e+04
1.871496721789962612e+04
1.871306668817963509e+04
1.871113326049099851e+04
1.870916631663305088e+04
1.870716522810173046e+04
1.870512935596561874e+04
1.870305805074256932e+04
1.870095065227701343e+04
1.869880648961807310e+04
1.869662488089861290e+04
1.869440513321536127e+04
1.869214654251020693e+04
1.868984839345287401e+04
1.868750995932505612e+04
1.868513050190622744e+04
1.868270927136124010e+04
1.868024550612989697e+04
1.867773843281870359e+04
1.867518726609490113e+04
1.867259120858307506e+04
1.866994945076443037e+04
1.866726117087901730e+04
1.866452553483107840e+04
1.866174169609772434e+04
1.865890879564120041e+04
1.865602596182495836e+04
1.865309231033376273e+04
1.865010694409811549e+04
1.864706895322320997e+04
1.864397741492273417e+04
1.864083139345775271e+04
1.863762994008099486e+04
1.863437209298678863e+04
1.863105687726700489e+04
1.862768330487327694e+04
1.862425037458583029e+04
1.862075707198925375e+04
1.861720236945555371e+04
1.861358522613485184e+04
1.860990458795402810e+04
1.860615938762375663e+04
1.860234854465425815e+04
1.859847096538016558e+04
1.859452554299489566e+04
1.859051115759496315e+04
1.858642667623457237e+04
1.858227095299102439e+04
1.857804282904125284e+04
1.857374113275002674e+04
1.856936467977018037e+04
1.856491227315543438e+04
1.856038270348614242e+04
1.855577474900858579e+04
1.855108717578813230e+04
1.854631873787692894e+04
1.854146817749644106e+04
1.853653422523549307e+04
1.853151560026421794e+04
1.852641101056449043e+04
1.852121915317729508e+04
1.851593871446765115e+04
1.851056837040750179e+04
1.850510678687719701e+04
1.849955261998605420e+04
1.849390451641252002e+04
1.848816111376450135e+04
1.848232104096038165e+04
1.847638291863122868e+04
1.847034535954478997e+04
1.846420696905172372e+04
1.845796634555463970e+04
1.845162208100046337e+04
1.844517276139658861e+04
1.843861696735139412e+04
1.843195327463952344e+04
1.842518025479249991e+04
1.841829647571506575e+04
1.841130050232776921e+04
1.840419089723617071e+04
1.839696622142711931e+04
1.838962503499251761e+04
1.838216589788091369e+04
1.837458737067729089e+04
1.836688801541140492e+04
1.835906639639491914e+04
1.835112108108768371e+04
1.834305064099332594e+04
1.833485365258439560e+04
1.832652869825723974e+04
1.831807436731671987e+04
1.830948925699085521e+04
1.830077197347550100e+04
1.829192113300893834e+04
1.828293536297647734e+04
1.827381330304485164e+04
1.826455360632632801e+04
1.825515494057227625e+04
1.824561598939597025e+04
1.823593545352426008e+04
1.822611205207774401e+04
1.821614452387896745e+04
1.820603162878813964e+04
1.819577214906575682e+04
1.818536489076145153e+04
1.817480868512835150e+04
1.816410239006209304e+04
1.815324489156359414e+04
1.814223510522461220e+04
1.813107197773498410e+04
1.811975448841041725e+04
1.810828165073958735e+04
1.809665251394918960e+04
1.808486616458552089e+04
1.807292172811110140e+04
1.806081837051468756e+04
1.804855529993302844e+04
1.803613176828249198e+04
1.802354707289876387e+04
1.801080055818254914e+04
1.799789161724926817e+04
1.798481969358054994e+04
1.797158428267521958e+04
1.795818493369753924e+04
1.794462125112012291e+04
1.793089289635912428e+04
1.791699958939899079e+04
1.790294111040414282e+04
1.788871730131479126e+04
1.787432806742404500e+04
1.785977337893338336e+04
1.784505327248351387e+04
1.783016785265756334e+04
1.781511729345351705e+04
1.779990183972269369e+04
1.778452180857112035e+04
1.776897759072050758e+04
1.775326965182560889e+04
1.773739853374458835e+04
1.772136485575915503e+04
1.770516931574108457e+04
1.768881269126181360e+04
1.767229584064181836e+04
1.765561970393638694e+04
1.763878530385462363e+04
1.762179374660833491e+04
1.760464622268766470e+04
1.758734400756029936e+04
1.756988846229120099e+04
1.755228103407982780e+04
1.753452325671193830e+04
1.751661675092322184e+04
1.749856322467191421e+04
1.748036447331797899e+04
1.746202237970624265e+04
1.744353891415126054e+04
1.742491613432171289e+04
1.740615618502231882e+04
1.738726129787146056e+04
1.736823379087281864e+04
1.734907606787961049e+04
1.732979061795012967e+04
1.731038001459353109e+04
1.729084691490506884e+04
1.727119405859009930e+04
1.725142426687655097e+04
1.723154044131564297e+04
1.721154556247098299e+04
1.719144268849642685e+04
1.717123495360320157e+04
1.715092556641726696e+04
1.713051780822794899e+04
1.711001503112922001e+04
1.708942065605532844e+04
1.706873817071260419e+04
1.704797112740961165e+04
1.702712314078811687e+04
1.700619788545744814e+04
1.698519909353526600e+04
1.696413055209783852e+04
1.694299610054326331e+04
1.692179962787126351e+04
1.690054506988345383e+04
1.687923640630811133e+04
1.685787765785377269e+04
1.683647288319616200e+04
1.681502617590309092e+04
1.679354166130217345e+04
1.677202349329642675e+04
1.675047585113281821e+04
1.672890293612915048e+04
1.670730896836459215e+04
1.668569818333946750e+04
1.666407482860979508e+04
1.664244316040237391e+04
1.662080744021599821e+04
1.659917193141470489e+04
1.657754089581872540e+04
1.655591859029902844e+04
1.653430926338117206e+04
1.651271715186422080e+04
1.649114647746047558e+04
1.646960144346162269e+04
1.644808623143687146e+04
1.642660499796858130e+04
1.640516187143070056e+04
1.638376094881528843e+04
1.636240629261221329e+04
1.634110192774696043e+04
1.631985183858135315e+04
1.629865996598176207e+04
1.627753020445925176e+04
1.625646639938585940e+04
1.623547234429099808e+04
1.621455177824179191e+04
1.619370838331087725e+04
1.617294578213500245e+04
1.615226753556750373e+04
1.613167714042746957e+04
1.611117802734820725e+04
1.609077355872729458e+04
1.607046702678032307e+04
1.605026165170010245e+04
1.603016057992291098e+04
1.601016688250304469e+04
1.599028355359672241e+04
1.597051350905609979e+04
1.595085958513393416e+04
1.593132453729914050e+04
1.591191103916331122e+04
1.589262168151793048e+04
1.587345897148186850e+04
1.585442533175848803e+04
1.583552310000145008e+04
1.581675452828810558e+04
1.579812178269919968e+04
1.577962694300333715e+04
1.576127200244456071e+04
1.574305886763114358e+04
1.572498935852357317e+04
1.570706520851954883e+04
1.568928806463363799e+04
1.567165948776913865e+04
1.565418095307953081e+04
1.563685385041682093e+04
1.561967948486397836e+04
1.560265907734852226e+04
1.558579376533429786e+04
1.556908460358837874e+04
1.555253256501995020e+04
1.553613854158803224e+04
1.551990334527480445e+04
1.550382770912128217e+04
1.548791228832209526e+04
1.547215766137606988e+04
1.545656433128932440e+04
1.544113272682759634e+04
1.542586320381455153e+04
1.541075604647277942e+04
1.539581146880429696e+04
1.538102961600732669e+04
1.536641056592623863e+04
1.535195433053152556e+04
1.533766085742676296e+04
1.532353003137958149e+04
1.530956167587370692e+04
1.529575555467918275e+04
1.528211137343804694e+04
1.526862878126267060e+04
1.525530737234418120e+04
1.524214668756838000e+04
1.522914621613670533e+04
1.521630539718981709e+04
1.520362362143156315e+04
1.519110023275105414e+04
1.517873452984078540e+04
1.516652576780873278e+04
1.515447315978251936e+04
1.514257587850379787e+04
1.513083305791109888e+04
1.511924379470948043e+04
1.510780714992541652e+04
1.509652215044546210e+04
1.508538779053727012e+04
1.507440303335171848e+04
1.506356681240485159e+04
1.505287803303861438e+04
1.504233557385923996e+04
1.503193828815239431e+04
1.502168500527417382e+04
1.501157453201714816e+04
1.500160565395074264e+04
1.499177713673528706e+04
1.498208772740916538e+04
1.497253615564855863e+04
1.496312113499930274e+04
1.495384136408054655e+04
1.494469552775981356e+04
1.493568229829927441e+04
1.492680033647299751e+04
1.491804829265502849e+04
1.490942480787821660e+04
1.490092851486374639e+04
1.489255803902134357e+04
1.488431199942024796e+04
1.487618900973101154e+04
1.486818767913824740e+04
1.486030661322452215e+04
1.485254441482556285e+04
1.484489968485702593e+04
1.483737102311309718e+04
1.482995702903721758e+04
1.482265630246522778e+04
1.481546744434132052e+04
1.480838905740713744e+04
1.480141974686439062e+04
1.479455812101146148e+04
1.478780279185435029e+04
1.478115237569244164e+04
1.477460549367953718e+04
1.476816077236063029e+04
1.476181684418487021e+04
1.475557234799523940e+04
1.474942592949541540e+04
1.474337624169433184e+04
1.473742194532891517e+04
1.473156170926556661e+04
1.472579421088084200e+04
1.472011813642188645e+04
1.471453218134711642e+04
1.470903505064770434e+04
1.470362545915033115e+04
1.469830213180176725e+04
1.469306380393578729e+04
1.468790922152289204e+04
1.468283714140341544e+04
1.467784633150445006e+04
1.467293557104114188e+04
1.466810365070281296e+04
1.466334937282441751e+04
1.465867155154380816e+04
1.465406901294530326e+04
1.464954059518997383e+04
1.464508514863318487e+04
1.464070153592978022e+04
1.463638863212738215e+04
1.463214532474824773e+04
1.462797051386010207e+04
1.462386311213637964e+04
1.461982204490624645e+04
1.461584625019486884e+04
1.461193467875428178e+04
1.460808629408523848e+04
1.460430007245042725e+04
1.460057500287944458e+04
1.459691008716584656e+04
1.459330433985664058e+04
1.458975678823456474e+04
1.458626647229348600e+04
1.458283244470721911e+04
1.457945377079210084e+04
1.457612952846361623e+04
1.457285880818737860e+04
1.456964071292472909e+04
1.456647435807325201e+04
1.456335887140248087e+04
1.456029339298504055e+04
1.455727707512347115e+04
1.455430908227301734e+04
1.455138859096057786e+04
1.454851478970006065e+04
1.454568687890436559e+04
1.454290407079421857e+04
1.454016558930403880e+04
1.453747066998504488e+04
1.453481855990582699e+04
1.453220851755050535e+04
1.452963981271471857e+04
1.452711172639956931e+04
1.452462355070369085e+04
1.452217458871364943e+04
1.451976415439275297e+04
1.451739157246846844e+04
1.451505617831858035e+04
1.451275731785620519e+04
1.451049434741381083e+04
1.450826663362635736e+04
1.450607355331366853e+04
1.450391449336217192e+04
1.450178885060608081e+04
1.449969603170816663e+04
1.449763545304017134e+04
1.449560654056299063e+04
1.449360872970670607e+04
1.449164146525054639e+04
1.448970420120287235e+04
1.448779640068124718e+04
1.448591753579268698e+04
1.448406708751412407e+04
1.448224454557321951e+04
1.448044940832949032e+04
1.447868118265590601e+04
1.447693938382094348e+04
1.447522353537120216e+04
1.447353316901457765e+04
1.447186782450410283e+04
1.447022704952244385e+04
1.446861039956713284e+04
1.446701743783655547e+04
1.446544773511673702e+04
1.446390086966896706e+04
1.446237642711828994e+04
1.446087400034287202e+04
1.445939318936433119e+04
1.445793360123896127e+04
1.445649484994999148e+04
1.445507655630077898e+04
1.445367834780907469e+04
1.445229985860227862e+04
1.445094072931376650e+04
1.444960060698028428e+04
1.444827914494041397e+04
1.444697600273413263e+04
1.444569084600348651e+04
1.444442334639435649e+04
1.444317318145937679e+04
1.444194003456193605e+04
1.444072359478136968e+04
1.443952355681923291e+04
1.443833962090677596e+04
1.443717149271350354e+04
1.443601888325694745e+04
1.443488150881353613e+04
1.443375909083063561e+04
1.443265135583974552e+04
1.443155803537082829e+04
1.443047886586780078e+04
1.442941358860514447e+04
1.442836194960568537e+04
1.442732369955949252e+04
1.442629859374389343e+04
1.442528639194465359e+04
1.442428685837824014e+04
1.442329976161522245e+04
1.442232487450476583e+04
1.442136197410023669e+04
1.442041084158589729e+04
1.441947126220468272e+04
1.441854302518706027e+04
1.441762592368096011e+04
1.441671975468275195e+04
1.441582431896929666e+04
1.441493942103102563e+04
1.441406486900604432e+04
1.441320047461528156e+04
1.441234605309863764e+04
1.441150142315212724e+04
1.441066640686605024e+04
1.440984082966409733e+04
1.440902452024346348e+04
1.440821731051590905e+04
1.440741903554977398e+04
1.440662953351293618e+04
1.440584864561668292e+04
1.440507621606052817e+04
1.440431209197790668e+04
1.440355612338278661e+04
1.440280816311716080e+04
1.440206806679939837e+04
1.440133569277348579e+04
1.440061090205909568e+04
1.439989355830250133e+04
1.439918352772833532e+04
1.439848067909214660e+04
1.439778488363377255e+04
1.439709601503151134e+04
1.439641394935707467e+04
1.439573856503131537e+04
1.439506974278071721e+04
1.439440736559463039e+04
1.439375131868327662e+04
1.439310148943643799e+04
1.439245776738291170e+04
1.439182004415064876e+04
1.439118821342758201e+04
1.439056217092318911e+04
1.438994181433066478e+04
1.438932704328982982e+04
1.438871775935064215e+04
1.438811386593739371e+04
1.438751526831352021e+04
1.438692187354704765e+04
1.438633359047666454e+04
1.438575032967838160e+04
1.438517200343281183e+04
1.438459852569302166e+04
1.438402981205296965e+04
1.438346577971651641e+04
1.438290634746698925e+04
1.438235143563730526e+04
1.438180096608062013e+04
1.438125486214154807e+04
1.438071304862786201e+04
1.438017545178272849e+04
1.437964199925746288e+04
1.437911262008476297e+04
1.437858724465244813e+04
1.437806580467767344e+04
1.437754823318161652e+04
1.437703446446463022e+04
1.437652443408186446e+04
1.437601807881933200e+04
1.437551533667040349e+04
1.437501614681275896e+04
1.437452044958576334e+04
1.437402818646824016e+04
1.437353930005668735e+04
1.437305373404388956e+04
1.437257143319790339e+04
1.437209234334148823e+04
1.437161641133186276e+04
1.437114358504088159e+04
1.437067381333556659e+04
1.437020704605900028e+04
1.436974323401158654e+04
1.436928232893266068e+04
1.436882428348243775e+04
1.436836905122431381e+04
1.436791658660748726e+04
1.436746684494991132e+04
1.436701978242158475e+04
1.436657535602812641e+04
1.436613352359468627e+04
1.436569424375015296e+04
1.436525747591166146e+04
1.436482318026938447e+04
1.436439131777163311e+04
1.436396185011020862e+04
1.436353473970607592e+04
1.436310994969526291e+04
1.436268744391506334e+04
1.436226718689048357e+04
1.436184914382095303e+04
1.436143328056729661e+04
1.436101956363892896e+04
1.436060796018132896e+04
1.436019843796372879e+04
1.435979096536703582e+04
1.435938551137202012e+04
1.435898204554766926e+04
1.435858053803983057e+04
1.435818095956001707e+04
1.435778328137446260e+04
1.435738747529337525e+04
1.435699351366039264e+04
1.435660136934223920e+04
1.435621101571860527e+04
1.435582242667217724e+04
1.435543557657890597e+04
1.435505044029842611e+04
1.435466699316468657e+04
1.435428521097673729e+04
1.435390506998971614e+04
1.435352654690599047e+04
1.435314961886648962e+04
1.435277426344217747e+04
1.435240045862571424e+04
1.435202818282327826e+04
1.435165741484651699e+04
1.435128813390469077e+04
1.435092031959694941e+04
1.435055395190475429e+04
1.435018901118445683e+04
1.434982547816001716e+04
1.434946333391586450e+04
1.434910255988989229e+04
1.434874313786659695e+04
1.434838504997033306e+04
1.434802827865872678e+04
1.434767280671617846e+04
1.434731861724753799e+04
1.434696569367186385e+04
1.434661401971631494e+04
1.434626357941016977e+04
1.434591435707896562e+04
1.434556633733871422e+04
1.434521950509028829e+04
1.434487384551386276e+04
1.434452934406349596e+04
1.434418598646181272e+04
1.434384375869477662e+04
1.434350264700657863e+04
1.434316263789461300e+04
1.434282371810456971e+04
1.434248587462559590e+04
1.434214909468557744e+04
1.434181336574648594e+04
1.434147867549985313e+04
1.434114501186229245e+04
1.434081236297112628e+04
1.434048071718012216e+04
1.434015006305525822e+04
1.433982038937062316e+04
1.433949168510436175e+04
1.433916393943472940e+04
1.433883714173618137e+04
1.433851128157558924e+04
1.433818634870849201e+04
1.433786233307542898e+04
1.433753922479836910e+04
1.433721701417716758e+04
1.433689569168612616e+04
1.433657524797061160e+04
1.433625567384372334e+04
1.433593696028305567e+04
1.433561909842749628e+04
1.433530207957410676e+04
1.433498589517504661e+04
1.433467053683457743e+04
1.433435599630610523e+04
1.433404226548929546e+04
1.433372933642723729e+04
1.433341720130367139e+04
1.433310585244025060e+04
1.433279528229388234e+04
1.433248548345410745e+04
1.433217644864053182e+04
1.433186817070030520e+04
1.433156064260566200e+04
1.433125385745148742e+04
1.433094780845296191e+04
1.433064248894322373e+04
1.433033789237108795e+04
1.433003401229882365e+04
1.432973084239994569e+04
1.432942837645706823e+04
1.432912660835980932e+04
1.432882553210271362e+04
1.432852514178323145e+04
1.432822543159972702e+04
1.432792639584954304e+04
1.432762802892707805e+04
1.432733032532192738e+04
1.432703327961704053e+04
1.432673688648692041e+04
1.432644114069586976e+04
1.432614603709625044e+04
1.432585157062679355e+04
1.432555773631094053e+04
1.432526452925520425e+04
1.432497194464758286e+04
1.432467997775597905e+04
1.432438862392667761e+04
1.432409787858283380e+04
1.432380773722300000e+04
1.432351819541967052e+04
1.432322924881787185e+04
1.432294089313376389e+04
1.432265312415328663e+04
1.432236593773081040e+04
1.432207932978782810e+04
1.432179329631168184e+04
1.432150783335428059e+04
1.432122293703088872e+04
1.432093860351889271e+04
1.432065482905662793e+04
1.432037160994221267e+04
1.432008894253239487e+04
1.431980682324145164e+04
1.431952524854007606e+04
1.431924421495430579e+04
1.431896371906447530e+04
1.431868375750417181e+04
1.431840432695922755e+04
1.431812542416671567e+04
1.431784704591399714e+04
1.431756918903774203e+04
1.431729185042300196e+04
1.431701502700229685e+04
1.431673871575470548e+04
1.431646291370498875e+04
1.431618761792272016e+04
1.431591282552143821e+04
1.431563853365781688e+04
1.431536473953084351e+04
1.431509144038102568e+04
1.431481863348960542e+04
1.431454631617778796e+04
1.431427448580598866e+04
1.431400313977309270e+04
1.431373227551573655e+04
1.431346189050758949e+04
1.431319198225866057e+04
1.431292254831461833e+04
1.431265358625611043e+04
1.431238509369812709e+04
1.431211706828933893e+04
1.431184950771147123e+04
1.431158240967868551e+04
1.431131577193698104e+04
1.431104959226358187e+04
1.431078386846636931e+04
1.431051859838330711e+04
1.431025377988187574e+04
1.430998941085852493e+04
1.430972548923813702e+04
1.430946201297349762e+04
1.430919898004477000e+04
1.430893638845900205e+04
1.430867423624961884e+04
1.430841252147592604e+04
1.430815124222264967e+04
1.430789039659945411e+04
1.430762998274048186e+04
1.430736999880390795e+04
1.430711044297149783e+04
1.430685131344815636e+04
1.430659260846153120e+04
1.430633432626157082e+04
1.430607646512012798e+04
1.430581902333055041e+04
1.430556199920730432e+04
1.430530539108556695e+04
1.430504919732085364e+04
1.430479341628866496e+04
1.430453804638410111e+04
1.430428308602151810e+04
1.430402853363416943e+04
1.430377438767387503e+04
1.430352064661067197e+04
1.430326730893249623e+04
1.430301437314484792e+04
1.430276183777049300e+04
1.430250970134912859e+04
1.430225796243709556e+04
1.430200661960707293e+04
1.430175567144779052e+04
1.430150511656373419e+04
1.430125495357486943e+04
1.430100518111636120e+04
1.430075579783830835e+04
1.430050680240547445e+04
1.430025819349702215e+04
1.430000996980627497e+04
1.429976213004044621e+04
1.429951467292040434e+04
1.429926759718043104e+04
1.429902090156798658e+04
1.429877458484347153e+04
1.429852864578000663e+04
1.429828308316320908e+04
1.429803789579096883e+04
1.429779308247323934e+04
1.429754864203183024e+04
1.429730457330019271e+04
1.429706087512322119e+04
1.429681754635705875e+04
1.429657458586890061e+04
1.429633199253680141e+04
1.429608976524949685e+04
1.429584790290619821e+04
1.429560640441644500e+04
1.429536526869990485e+04
1.429512449468620252e+04
1.429488408131476535e+04
1.429464402753463764e+04
1.429440433230433700e+04
1.429416499459167608e+04
1.429392601337361339e+04
1.429368738763610963e+04
1.429344911637396035e+04
1.429321119859065220e+04
1.429297363329822474e+04
1.429273641951712852e+04
1.429249955627606869e+04
1.429226304261189034e+04
1.429202687756942760e+04
1.429179106020138352e+04
1.429155558956819004e+04
1.429132046473789160e+04
1.429108568478601046e+04
1.429085124879543582e+04
1.429061715585629463e+04
1.429038340506583882e+04
1.429014999552832887e+04
1.428991692635492473e+04
1.428968419666356931e+04
1.428945180557887943e+04
1.428921975223204390e+04
1.428898803576072351e+04
1.428875665530893457e+04
1.428852561002695438e+04
1.428829489907123389e+04
1.428806452160428125e+04
1.428783447679458004e+04
1.428760476381649278e+04
1.428737538185017002e+04
1.428714633008145756e+04
1.428691760770181281e+04
1.428668921390821379e+04
1.428646114790308275e+04
1.428623340889419342e+04
1.428600599609459096e+04
1.428577890872251919e+04
1.428555214600133695e+04
1.428532570715943621e+04
1.428509959143017841e+04
1.428487379805181263e+04
1.428464832626740099e+04
1.428442317532475136e+04
1.428419834447634639e+04
1.428397383297928172e+04
1.428374964009517134e+04
1.428352576509012761e+04
1.428330220723465391e+04
1.428307896580359738e+04
1.428285604007609072e+04
1.428263342933549211e+04
1.428241113286930704e+04
1.428218914996914827e+04
1.428196747993066674e+04
1.428174612205350786e+04
1.428152507564123880e+04
1.428130434000130481e+04
1.428108391444497101e+04
1.428086379828726604e+04
1.428064399084694742e+04
1.428042449144642160e+04
1.428020529941173118e+04
1.427998641407246396e+04
1.427976783476173659e+04
1.427954956081614364e+04
1.427933159157569025e+04
1.427911392638376856e+04
1.427889656458710670e+04
1.427867950553572155e+04
1.427846274858287688e+04
1.427824629308504154e+04
1.427803013840185304e+04
1.427781428389606663e+04
1.427759872893352258e+04
1.427738347288310615e+04
1.427716851511670757e+04
1.427695385500918565e+04
1.427673949193832595e+04
1.427652542528481354e+04
1.427631165443218561e+04
1.427609817876680609e+04
1.427588499767782923e+04
1.427567211055715597e+04
1.427545951679941754e+04
1.427524721580192636e+04
1.427503520696465421e+04
1.427482348969019949e+04
1.427461206338374905e+04
1.427440092745305810e+04
1.427419008130841030e+04
1.427397952436259584e+04
1.427376925603088239e+04
1.427355927573098234e+04
1.427334958288302187e+04
1.427314017690952642e+04
1.427293105723538247e+04
1.427272222328781754e+04
1.427251367449636382e+04
1.427230541029284905e+04
1.427209743011136015e+04
1.427188973338822143e+04
1.427168231956196541e+04
1.427147518807332017e+04
1.427126833836517835e+04
1.427106176988257357e+04
1.427085548207266038e+04
1.427064947438469608e+04
1.427044374627000798e+04
1.427023829718198613e+04
1.427003312657604693e+04
1.426982823390962403e+04
1.426962361864214472e+04
1.426941928023501168e+04
1.426921521815157757e+04
1.426901143185713227e+04
1.426880792081887557e+04
1.426860468450591361e+04
1.426840172238922241e+04
1.426819903394164430e+04
1.426799661863786059e+04
1.426779447595438251e+04
1.426759260536952024e+04
1.426739100636338844e+04
1.426718967841786434e+04
1.426698862101659324e+04
1.426678783364496121e+04
1.426658731579007144e+04
1.426638706694075518e+04
1.426618708658752439e+04
1.426598737422258273e+04
1.426578792933979639e+04
1.426558875143467594e+04
1.426538984000438722e+04
1.426519119454770407e+04
1.426499281456501194e+04
1.426479469955830427e+04
1.426459684903114430e+04
1.426439926248867050e+04
1.426420193943757840e+04
1.426400487938610240e+04
1.426380808184401576e+04
1.426361154632261059e+04
1.426341527233467968e+04
1.426321925939451467e+04
1.426302350701788782e+04
1.426282801472204847e+04
1.426263278202570291e+04
1.426243780844900539e+04
1.426224309351355259e+04
1.426204863674236367e+04
1.426185443765987475e+04
1.426166049579192986e+04
1.426146681066576821e+04
1.426127338181001505e+04
1.426108020875466536e+04
1.426088729103108926e+04
1.426069462817200474e+04
1.426050221971147585e+04
1.426031006518490722e+04
1.426011816412902772e+04
1.425992651608188316e+04
1.425973512058283086e+04
1.425954397717252868e+04
1.425935308539292237e+04
1.425916244478723820e+04
1.425897205489998305e+04
1.425878191527692616e+04
1.425859202546509005e+04
1.425840238501275053e+04
1.425821299346942396e+04
1.425802385038585817e+04
1.425783495531402696e+04
1.425764630780711741e+04
1.425745790741953533e+04
1.425726975370687978e+04
1.425708184622594854e+04
1.425689418453472535e+04
1.425670676819237633e+04
1.425651959675924081e+04
1.425633266979682048e+04
1.425614598686777754e+04
1.425595954753593105e+04
1.425577335136623878e+04
1.425558739792480264e+04
1.425540168677885595e+04
1.425521621749675614e+04
1.425503098964798119e+04
1.425484600280312225e+04
1.425466125653388008e+04
1.425447675041305047e+04
1.425429248401452787e+04
1.425410845691329996e+04
1.425392466868542760e+04
1.425374111890805580e+04
1.425355780715939909e+04
1.425337473301873979e+04
1.425319189606641521e+04
1.425300929588381950e+04
1.425282693205340183e+04
1.425264480415864455e+04
1.425246291178407773e+04
1.425228125451525921e+04
1.425209983193877451e+04
1.425191864364223511e+04
1.425173768921426927e+04
1.425155696824451479e+04
1.425137648032361903e+04
1.425119622504323706e+04
1.425101620199601166e+04
1.425083641077558786e+04
1.425065685097659298e+04
1.425047752219464383e+04
1.425029842402632858e+04
1.425011955606921765e+04
1.424994091792184554e+04
1.424976250918371807e+04
1.424958432945529785e+04
1.424940637833800247e+04
1.424922865543420630e+04
1.424905116034723142e+04
1.424887389268134029e+04
1.424869685204173948e+04
1.424852003803456319e+04
1.424834345026688970e+04
1.424816708834671408e+04
1.424799095188295723e+04
1.424781504048546049e+04
1.424763935376498557e+04
1.424746389133319462e+04
1.424728865280266655e+04
1.424711363778688064e+04
1.424693884590021480e+04
1.424676427675795094e+04
1.424658992997625319e+04
1.424641580517218244e+04
1.424624190196367999e+04
1.424606821996957478e+04
1.424589475880956888e+04
1.424572151810424111e+04
1.424554849747503977e+04
1.424537569654428444e+04
1.424520311493515692e+04
1.424503075227170302e+04
1.424485860817881985e+04
1.424468668228226306e+04
1.424451497420864143e+04
1.424434348358540592e+04
1.424417221004085877e+04
1.424400115320414079e+04
1.424383031270522770e+04
1.424365968817492831e+04
1.424348927924489908e+04
1.424331908554760594e+04
1.424314910671635153e+04
1.424297934238526068e+04
1.424280979218926950e+04
1.424264045576414355e+04
1.424247133274645239e+04
1.424230242277358411e+04
1.424213372548372536e+04
1.424196524051587403e+04
1.424179696750983203e+04
1.424162890610619434e+04
1.424146105594635810e+04
1.424129341667251356e+04
1.424112598792763310e+04
1.424095876935549313e+04
1.424079176060064128e+04
1.424062496130841464e+04
1.424045837112493246e+04
1.424029198969708523e+04
1.424012581667254199e+04
1.423995985169974301e+04
1.423979409442789802e+04
1.423962854450698433e+04
1.423946320158774324e+04
1.423929806532167640e+04
1.423913313536105125e+04
1.423896841135888099e+04
1.423880389296894100e+04
1.423863957984575973e+04
1.423847547164460775e+04
1.423831156802150872e+04
1.423814786863322843e+04
1.423798437313727482e+04
1.423782108119189797e+04
1.423765799245607923e+04
1.423749510658954387e+04
1.423733242325274114e+04
1.423716994210685516e+04
1.423700766281379765e+04
1.423684558503620610e+04
1.423668370843743833e+04
1.423652203268157973e+04
1.423636055743342513e+04
1.423619928235849875e+04
1.423603820712302695e+04
1.423587733139395459e+04
1.423571665483893594e+04
1.423555617712633102e+04
1.423539589792520928e+04
1.423523581690534411e+04
1.423507593373720374e+04
1.423491624809196219e+04
1.423475675964148468e+04
1.423459746805833856e+04
1.423443837301578060e+04
1.423427947418775875e+04
1.423412077124890675e+04
1.423396226387454954e+04
1.423380395174069781e+04
1.423364583452403895e+04
1.423348791190194788e+04
1.423333018355247077e+04
1.423317264915433771e+04
1.423301530838694998e+04
1.423285816093038011e+04
1.423270120646537544e+04
1.423254444467335088e+04
1.423238787523638530e+04
1.423223149783722329e+04
1.423207531215927702e+04
1.423191931788661532e+04
1.423176351470396730e+04
1.423160790229671875e+04
1.423145248035091572e+04
1.423129724855324821e+04
1.423114220659107013e+04
1.423098735415237388e+04
1.423083269092580667e+04
1.423067821660065965e+04
1.423052393086687516e+04
1.423036983341502128e+04
1.423021592393632454e+04
1.423006220212264270e+04
1.422990866766647014e+04
1.422975532026093788e+04
1.422960215959981360e+04
1.422944918537749254e+04
1.422929639728899747e+04
1.422914379502999145e+04
1.422899137829675237e+04
1.422883914678618748e+04
1.422868710019582795e+04
1.422853523822382340e+04
1.422838356056894918e+04
1.422823206693059183e+04
1.422808075700876179e+04
1.422792963050407707e+04
1.422777868711777046e+04
1.422762792655168960e+04
1.422747734850829329e+04
1.422732695269064061e+04
1.422717673880240545e+04
1.422702670654785652e+04
1.422687685563187551e+04
1.422672718575994804e+04
1.422657769663814543e+04
1.422642838797315017e+04
1.422627925947223775e+04
1.422613031084328031e+04
1.422598154179473568e+04
1.422583295203566377e+04
1.422568454127571385e+04
1.422553630922511729e+04
1.422538825559470206e+04
1.422524038009587093e+04
1.422509268244062332e+04
1.422494516234152979e+04
1.422479781951175028e+04
1.422465065366501949e+04
1.422450366451565787e+04
1.422435685177854975e+04
1.422421021516916881e+04
1.422406375440354896e+04
1.422391746919830985e+04
1.422377135927062773e+04
1.422362542433826093e+04
1.422347966411952802e+04
1.422333407833331694e+04
1.422318866669907584e+04
1.422304342893682224e+04
1.422289836476713026e+04
1.422275347391113974e+04
1.422260875609054710e+04
1.422246421102760178e+04
1.422231983844511706e+04
1.422217563806645558e+04
1.422203160961554022e+04
1.422188775281683411e+04
1.422174406739535698e+04
1.422160055307668517e+04
1.422145720958692982e+04
1.422131403665275502e+04
1.422117103400136875e+04
1.422102820136052469e+04
1.422088553845851311e+04
1.422074304502416999e+04
1.422060072078687153e+04
1.422045856547652511e+04
1.422031657882358377e+04
1.422017476055902807e+04
1.422003311041437337e+04
1.421989162812167706e+04
1.421975031341351496e+04
1.421960916602300131e+04
1.421946818568377785e+04
1.421932737213000837e+04
1.421918672509638782e+04
1.421904624431813500e+04
1.421890592953099258e+04
1.421876578047122166e+04
1.421862579687560719e+04
1.421848597848145801e+04
1.421834632502658860e+04
1.421820683624934099e+04
1.421806751188857197e+04
1.421792835168364763e+04
1.421778935537445250e+04
1.421765052270137858e+04
1.421751185340532902e+04
1.421737334722771993e+04
1.421723500391047128e+04
1.421709682319601052e+04
1.421695880482727443e+04
1.421682094854769821e+04
1.421668325410122634e+04
1.421654572123229991e+04
1.421640834968586205e+04
1.421627113920735246e+04
1.421613408954272018e+04
1.421599720043839261e+04
1.421586047164131378e+04
1.421572390289890609e+04
1.421558749395909035e+04
1.421545124457028214e+04
1.421531515448138452e+04
1.421517922344179169e+04
1.421504345120138532e+04
1.421490783751053823e+04
1.421477238212010343e+04
1.421463708478142144e+04
1.421450194524631661e+04
1.421436696326710080e+04
1.421423213859655516e+04
1.421409747098795378e+04
1.421396296019504371e+04
1.421382860597205035e+04
1.421369440807367573e+04
1.421356036625510023e+04
1.421342648027197356e+04
1.421329274988042562e+04
1.421315917483705198e+04
1.421302575489892479e+04
1.421289248982358185e+04
1.421275937936903210e+04
1.421262642329375194e+04
1.421249362135668161e+04
1.421236097331723431e+04
1.421222847893527796e+04
1.421209613797114980e+04
1.421196395018564726e+04
1.421183191534003163e+04
1.421170003319602074e+04
1.421156830351579265e+04
1.421143672606197833e+04
1.421130530059767989e+04
1.421117402688643779e+04
1.421104290469225270e+04
1.421091193377958916e+04
1.421078111391334460e+04
1.421065044485888939e+04
1.421051992638202501e+04
1.421038955824901495e+04
1.421025934022656475e+04
1.421012927208182737e+04
1.420999935358240509e+04
1.420986958449634039e+04
1.420973996459212503e+04
1.420961049363868551e+04
1.420948117140540126e+04
1.420935199766208279e+04
1.420922297217898449e+04
1.420909409472679909e+04
1.420896536507665769e+04
1.420883678300012616e+04
1.420870834826920873e+04
1.420858006065634072e+04
1.420845191993439403e+04
1.420832392587666982e+04
1.420819607825690400e+04
1.420806837684926177e+04
1.420794082142833940e+04
1.420781341176915521e+04
1.420768614764716403e+04
1.420755902883824456e+04
1.420743205511869746e+04
1.420730522626525271e+04
1.420717854205505500e+04
1.420705200226568195e+04
1.420692560667512953e+04
1.420679935506181209e+04
1.420667324720456600e+04
1.420654728288264232e+04
1.420642146187571780e+04
1.420629578396387660e+04
1.420617024892762493e+04
1.420604485654788004e+04
1.420591960660597761e+04
1.420579449888365889e+04
1.420566953316308718e+04
1.420554470922682594e+04
1.420542002685785519e+04
1.420529548583956057e+04
1.420517108595574609e+04
1.420504682699060504e+04
1.420492270872875270e+04
1.420479873095520088e+04
1.420467489345536887e+04
1.420455119601507977e+04
1.420442763842055865e+04
1.420430422045843079e+04
1.420418094191572527e+04
1.420405780257986771e+04
1.420393480223868391e+04
1.420381194068039986e+04
1.420368921769363442e+04
1.420356663306740484e+04
1.420344418659112489e+04
1.420332187805459762e+04
1.420319970724802442e+04
1.420307767396200143e+04
1.420295577798750674e+04
1.420283401911592227e+04
1.420271239713900650e+04
1.420259091184891440e+04
1.420246956303819388e+04
1.420234835049976391e+04
1.420222727402694363e+04
1.420210633341343600e+04
1.420198552845332415e+04
1.420186485894107682e+04
1.420174432467154838e+04
1.420162392543996975e+04
1.420150366104195564e+04
1.420138353127350274e+04
1.420126353593098247e+04
1.420114367481115005e+04
1.420102394771113541e+04
1.420090435442844682e+04
1.420078489476096365e+04
1.420066556850694906e+04
1.420054637546503000e+04
1.420042731543421723e+04
1.420030838821388716e+04
1.420018959360379085e+04
1.420007093140404868e+04
1.419995240141515023e+04
1.419983400343795984e+04
1.419971573727370196e+04
1.419959760272397398e+04
1.419947959959074069e+04
1.419936172767632888e+04
1.419924398678343459e+04
1.419912637671511402e+04
1.419900889727479080e+04
1.419889154826624690e+04
1.419877432949362992e+04
1.419865724076144761e+04
1.419854028187456788e+04
1.419842345263821517e+04
1.419830675285797770e+04
1.419819018233979477e+04
1.419807374088996949e+04
1.419795742831516145e+04
1.419784124442237589e+04
1.419772518901898366e+04
1.419760926191270482e+04
1.419749346291161055e+04
1.419737779182412851e+04
1.419726224845903562e+04
1.419714683262545987e+04
1.419703154413287666e+04
1.419691638279111794e+04
1.419680134841035397e+04
1.419668644080110971e+04
1.419657165977425393e+04
1.419645700514100463e+04
1.419634247671291814e+04
1.419622807430190733e+04
1.419611379772021610e+04
1.419599964678043762e+04
1.419588562129551065e+04
1.419577172107870501e+04
1.419565794594363979e+04
1.419554429570427419e+04
1.419543077017490214e+04
1.419531736917015951e+04
1.419520409250501689e+04
1.419509093999478137e+04
1.419497791145510564e+04
1.419486500670196438e+04
1.419475222555167784e+04
1.419463956782089190e+04
1.419452703332659257e+04
1.419441462188609512e+04
1.419430233331704585e+04
1.419419016743742577e+04
1.419407812406554149e+04
1.419396620302003430e+04
1.419385440411987292e+04
1.419374272718434804e+04
1.419363117203308866e+04
1.419351973848604030e+04
1.419340842636348316e+04
1.419329723548601760e+04
1.419318616567457320e+04
1.419307521675039425e+04
1.419296438853505970e+04
1.419285368085046139e+04
1.419274309351882039e+04
1.419263262636267427e+04
1.419252227920488258e+04
1.419241205186862499e+04
1.419230194417740131e+04
1.419219195595502606e+04
1.419208208702563388e+04
1.419197233721367593e+04
